0 LANDSAT 5
1 14780U 84021A   26060.99500811  .00002461  00000-0  17402-3 0  9992
2 14780  98.0711 335.5314 0070858 115.6361 245.2206 15.03897165775277
0 RADARSAT
1 23710U 95059A   26061.00893102  .00000292  00000-0  12411-3 0  9994
2 23710  98.5507  71.4740 0001235  75.4432 284.6889 14.32342813583000
0 LANDSAT 7
1 25682U 99020A   26061.13683199  .00000594  00000-0  12241-3 0  9999
2 25682  97.8605  69.6770 0001760  86.3694 349.2495 14.63809858430189
0 TERRA
1 25994U 99068A   26061.18291615  .00000502  00000-0  11148-3 0  9994
2 25994  97.9610 114.9039 0002189 170.4421 257.0733 14.61005144393984
0 AQUA
1 27424U 02022A   26061.16761490  .00001177  00000-0  24478-3 0  9998
2 27424  98.4161  28.3963 0000708  55.5022  66.7241 14.61954531267634
0 TERRA SAR X
1 31698U 07026A   26060.56294223  .00001491  00000-0  74180-4 0  9998
2 31698  97.4460  69.8013 0001826  78.6472 281.4968 15.19156370 36888
0 SUOMI NPP
1 37849U 11061A   26061.13087220  .00000081  00000-0  59380-4 0  9996
2 37849  98.7861   2.7940 0000471 302.3939  57.7191 14.19540941743254
0 LANDSAT 8
1 39084U 13008A   26061.17548130  .00000432  00000-0  10585-3 0  9991
2 39084  98.1933 133.0238 0001233  90.4314 269.7025 14.57122615682314
0 NOAA 20
1 43013U 17073A   26061.07501832  .00000084  00000-0  60671-4 0  9996
2 43013  98.7683   1.5383 0000867 146.6620 213.4611 14.19533709429274
0 NOVASAR 1
1 43619U 18071B   26061.18519792  .00000603  00000-0  58275-4 0  9997
2 43619  97.5236 297.7910 0001946  98.9562 261.1880 14.96283371406933
0 GOSAT 2
1 43672U 18084B   26061.17018824  .00002735  00000-0  33288-3 0  9993
2 43672  97.8682 174.0487 0001568  96.9959 263.1434 14.84251296397680
0 DIWATA 2B
1 43678U 18084H   26061.18394432  .00001949  00000-0  16218-3 0  9992
2 43678  98.1035 252.9125 0010945 149.9486 210.2366 14.99911187400174
0 LANDSAT 9
1 49260U 21088A   26061.14126490  .00000457  00000-0  11136-3 0  9993
2 49260  98.1954 133.0488 0001193  89.7998 270.3337 14.57116535235418
0 NOAA 21
1 54234U 22150A   26061.10981004  .00000081  00000-0  59326-4 0  9994
2 54234  98.7546   1.4629 0002473 120.1897 239.9524 14.19549720171358
